MFR:The optimal value of LP relaxation is 183.36255497382203.
---------------------------------------------------------------------------------------------------------------------------------
|  Iter  |  # fractional var  |  current value  |  Relative Improvement  |  Overall Improvement  |  Iter Time  |  Overall Time  |
---------------------------------------------------------------------------------------------------------------------------------
|       1|                 113|         183.7536|                 0.2128 |                0.2133 |      0.4179 |         0.8219 |
|       2|                 113|         183.9798|                 0.1229 |                0.3366 |      0.4519 |         1.2740 |
|       3|                 106|         184.5989|                 0.3354 |                0.6743 |      0.5798 |         1.8538 |
|       4|                 107|         184.6257|                 0.0145 |                0.6889 |      0.5621 |         2.4161 |
|       5|                 109|         184.6390|                 0.0072 |                0.6961 |      0.5957 |         3.0119 |
|       6|                 107|         184.7057|                 0.0361 |                0.7325 |      0.6329 |         3.6449 |
|       7|                 106|         184.7767|                 0.0384 |                0.7712 |      0.6740 |         4.3190 |
|       8|                 107|         184.7797|                 0.0016 |                0.7729 |      0.6091 |         4.9282 |
|       9|                 107|         184.7850|                 0.0029 |                0.7758 |      0.6449 |         5.5733 |
|      10|                 107|         184.7856|                 0.0004 |                0.7761 |      0.6756 |         6.2490 |
|      11|                 106|         184.7872|                 0.0008 |                0.7770 |      0.6677 |         6.9168 |
|      12|                 108|         184.7888|                 0.0008 |                0.7778 |      0.7394 |         7.6563 |
|      13|                 107|         184.7898|                 0.0005 |                0.7784 |      0.7175 |         8.3739 |
|      14|                 108|         184.7900|                 0.0001 |                0.7785 |      0.7640 |         9.1380 |
|      15|                 109|         184.7914|                 0.0008 |                0.7793 |      0.7281 |         9.8662 |
|      16|                 112|         184.7919|                 0.0002 |                0.7795 |      0.7867 |        10.6530 |
|      17|                 111|         184.8262|                 0.0186 |                0.7982 |      0.7867 |        11.4398 |
|      18|                 113|         184.8311|                 0.0026 |                0.8009 |      0.7345 |        12.1744 |
|      19|                 112|         184.8321|                 0.0005 |                0.8014 |      0.7712 |        12.9457 |
|      20|                 114|         184.8325|                 0.0002 |                0.8017 |      0.7746 |        13.7204 |
---------------------------------------------------------------------------------------------------------------------------------
RL:The optimal value of LP relaxation is 183.36255497382203.
---------------------------------------------------------------------------------------------------------------------------------
|  Iter  |  # fractional var  |  current value  |  Relative Improvement  |  Overall Improvement  |  Iter Time  |  Overall Time  |
---------------------------------------------------------------------------------------------------------------------------------
|       1|                 113|         183.6031|                 0.1310 |                0.1312 |      2.8958 |         5.7378 |
|       2|                 112|         183.6304|                 0.0149 |                0.1461 |      3.0630 |         8.8009 |
|       3|                 113|         183.8633|                 0.1267 |                0.2731 |      2.8369 |        11.6379 |
|       4|                 112|         184.0915|                 0.1240 |                0.3976 |      3.0500 |        14.6879 |
|       5|                 111|         184.1143|                 0.0124 |                0.4100 |      3.2954 |        17.9834 |
|       6|                 112|         184.1166|                 0.0013 |                0.4112 |      3.6286 |        21.6121 |
|       7|                 112|         184.1229|                 0.0035 |                0.4147 |      2.9339 |        24.5461 |
|       8|                 113|         184.1239|                 0.0005 |                0.4152 |      3.0766 |        27.6229 |
|       9|                 114|         184.1327|                 0.0048 |                0.4200 |      3.0367 |        30.6597 |
|      10|                 115|         184.1360|                 0.0018 |                0.4218 |      3.1241 |        33.7838 |
|      11|                 116|         184.1537|                 0.0096 |                0.4315 |      2.8113 |        36.5952 |
|      12|                 112|         184.4950|                 0.1850 |                0.6176 |      2.6957 |        39.2910 |
|      13|                 118|         184.5313|                 0.0197 |                0.6374 |      2.8444 |        42.1355 |
|      14|                 108|         184.9923|                 0.2492 |                0.8888 |      3.2063 |        45.3419 |
|      15|                 108|         184.9924|                 0.0000 |                0.8888 |      3.4689 |        48.8109 |
|      16|                 110|         184.9959|                 0.0019 |                0.8908 |      3.4804 |        52.2914 |
|      17|                 111|         184.9959|                 0.0000 |                0.8908 |      3.5262 |        55.8177 |
|      18|                 111|         184.9960|                 0.0001 |                0.8909 |      3.0833 |        58.9011 |
|      19|                 111|         184.9966|                 0.0003 |                0.8912 |      3.3077 |        62.2089 |
|      20|                 111|         185.1250|                 0.0693 |                0.9612 |      3.3310 |        65.5400 |
---------------------------------------------------------------------------------------------------------------------------------
Vanilla:The optimal value of LP relaxation is 183.36255497382203.
---------------------------------------------------------------------------------------------------------------------------------
|  Iter  |  # fractional var  |  current value  |  Relative Improvement  |  Overall Improvement  |  Iter Time  |  Overall Time  |
---------------------------------------------------------------------------------------------------------------------------------
|       1|                 115|         183.4382|                 0.0412 |                0.0412 |      0.3059 |         0.4930 |
|       2|                 113|         183.4889|                 0.0276 |                0.0689 |      0.5271 |         1.0203 |
|       3|                 114|         183.4889|                 0.0000 |                0.0689 |      0.9206 |         1.9409 |
|       4|                 115|         183.4889|                 0.0000 |                0.0689 |      1.2562 |         3.1972 |
|       5|                 115|         183.4889|                 0.0000 |                0.0689 |      2.0588 |         5.2561 |
|       6|                 115|         183.5887|                 0.0544 |                0.1234 |      2.3586 |         7.6148 |
|       7|                 115|         183.5982|                 0.0052 |                0.1285 |      2.7103 |        10.3252 |
|       8|                 115|         183.5983|                 0.0001 |                0.1286 |      4.8754 |        15.2007 |
|       9|                 115|         183.5994|                 0.0006 |                0.1292 |      4.1717 |        19.3725 |
|      10|                 118|         183.6849|                 0.0466 |                0.1758 |     10.4333 |        29.8059 |
|      11|                 119|         183.7696|                 0.0461 |                0.2220 |     12.2479 |        42.0539 |
|      12|                 115|         183.7819|                 0.0067 |                0.2287 |     25.1759 |        67.2300 |
|      13|                 116|         183.7819|                 0.0000 |                0.2287 |     32.4083 |        99.6384 |
|      14|                 117|         183.7820|                 0.0000 |                0.2287 |     35.2715 |       134.9100 |
|      15|                 117|         183.7822|                 0.0001 |                0.2289 |     27.5404 |       162.4505 |
|      16|                 118|         183.7822|                 0.0000 |                0.2289 |     41.4492 |       203.8998 |
|      17|                 111|         183.7823|                 0.0000 |                0.2289 |     27.6049 |       231.5048 |
|      18|                 111|         183.7823|                 0.0000 |                0.2289 |     27.3924 |       258.8974 |
|      19|                 111|         183.7823|                 0.0000 |                0.2289 |     38.7050 |       297.6025 |
|      20|                 111|         183.7823|                 0.0000 |                0.2289 |     25.9300 |       323.5326 |
---------------------------------------------------------------------------------------------------------------------------------