MFR:The optimal value of LP relaxation is 40.426829268292636.
---------------------------------------------------------------------------------------------------------------------------------
|  Iter  |  # fractional var  |  current value  |  Relative Improvement  |  Overall Improvement  |  Iter Time  |  Overall Time  |
---------------------------------------------------------------------------------------------------------------------------------
|       1|                 186|          41.1050|                 1.6497 |                1.6774 |      5.8672 |        12.2309 |
|       2|                 194|          41.2584|                 0.3718 |                2.0569 |      4.2148 |        16.4459 |
|       3|                 195|          41.3401|                 0.1978 |                2.2592 |      3.8756 |        20.3216 |
|       4|                 198|          41.5099|                 0.4089 |                2.6790 |      6.3474 |        26.6691 |
|       5|                 194|          41.5653|                 0.1333 |                2.8160 |      6.0764 |        32.7457 |
|       6|                 193|          41.8081|                 0.5810 |                3.4168 |      3.9413 |        36.6871 |
|       7|                 195|          41.8186|                 0.0251 |                3.4428 |      4.5313 |        41.2185 |
|       8|                 197|          41.8982|                 0.1898 |                3.6395 |      4.3056 |        45.5242 |
|       9|                 201|          42.1359|                 0.5642 |                4.2275 |      4.5705 |        50.0948 |
|      10|                 200|          42.2707|                 0.3189 |                4.5609 |      4.1050 |        54.1998 |
|      11|                 205|          42.3504|                 0.1883 |                4.7582 |      5.9029 |        60.1028 |
|      12|                 201|          42.4927|                 0.3348 |                5.1101 |      4.2134 |        64.3163 |
|      13|                 207|          42.5139|                 0.0500 |                5.1627 |      5.6657 |        69.9821 |
|      14|                 210|          42.5339|                 0.0470 |                5.2121 |      5.5414 |        75.5236 |
|      15|                 203|          42.6262|                 0.2164 |                5.4403 |      6.5913 |        82.1150 |
|      16|                 202|          42.6278|                 0.0038 |                5.4442 |      6.0107 |        88.1257 |
|      17|                 209|          42.6425|                 0.0347 |                5.4808 |      6.0139 |        94.1397 |
|      18|                 213|          42.7313|                 0.2077 |                5.7004 |      6.1613 |       100.3011 |
|      19|                 211|          42.8006|                 0.1619 |                5.8718 |      4.1390 |       104.4402 |
|      20|                 213|          42.8006|                 0.0000 |                5.8718 |      4.8195 |       109.2599 |
---------------------------------------------------------------------------------------------------------------------------------
RL:The optimal value of LP relaxation is 40.426829268292636.
---------------------------------------------------------------------------------------------------------------------------------
|  Iter  |  # fractional var  |  current value  |  Relative Improvement  |  Overall Improvement  |  Iter Time  |  Overall Time  |
---------------------------------------------------------------------------------------------------------------------------------
|       1|                 186|          41.1050|                 1.6497 |                1.6774 |     12.0734 |        24.4984 |
|       2|                 191|          41.4458|                 0.8223 |                2.5204 |     11.8331 |        36.3316 |
|       3|                 193|          41.4919|                 0.1112 |                2.6345 |     12.9258 |        49.2576 |
|       4|                 194|          41.6759|                 0.4414 |                3.0896 |      9.4323 |        58.6900 |
|       5|                 197|          41.7333|                 0.1377 |                3.2318 |     12.0846 |        70.7747 |
|       6|                 196|          41.7796|                 0.1107 |                3.3462 |      9.7719 |        80.5467 |
|       7|                 192|          42.5996|                 1.9250 |                5.3747 |     10.3242 |        90.8710 |
|       8|                 193|          43.6110|                 2.3190 |                7.8763 |      9.8519 |       100.7230 |
|       9|                 188|          43.6175|                 0.0150 |                7.8925 |     10.7399 |       111.4631 |
|      10|                 191|          43.6424|                 0.0570 |                7.9540 |     12.2187 |       123.6819 |
|      11|                 197|          43.6557|                 0.0306 |                7.9870 |     12.1205 |       135.8026 |
|      12|                 200|          43.8271|                 0.3910 |                8.4109 |     10.5823 |       146.3850 |
|      13|                 202|          44.2013|                 0.8465 |                9.3365 |     10.0021 |       156.3872 |
|      14|                 204|          44.3821|                 0.4074 |                9.7838 |     11.8939 |       168.2811 |
|      15|                 200|          44.5380|                 0.3500 |               10.1694 |     11.8849 |       180.1662 |
|      16|                 200|          44.5989|                 0.1365 |               10.3200 |     10.5561 |       190.7224 |
|      17|                 203|          44.6282|                 0.0656 |               10.3925 |     11.9821 |       202.7046 |
|      18|                 205|          44.6497|                 0.0482 |               10.4457 |     12.1876 |       214.8923 |
|      19|                 207|          44.6702|                 0.0459 |               10.4964 |     11.8359 |       226.7284 |
|      20|                 208|          44.7201|                 0.1115 |               10.6198 |     10.0280 |       236.7564 |
---------------------------------------------------------------------------------------------------------------------------------
Vanilla:The optimal value of LP relaxation is 40.426829268292636.
---------------------------------------------------------------------------------------------------------------------------------
|  Iter  |  # fractional var  |  current value  |  Relative Improvement  |  Overall Improvement  |  Iter Time  |  Overall Time  |
---------------------------------------------------------------------------------------------------------------------------------
|       1|                 188|          40.7418|                 0.7731 |                0.7792 |      3.1944 |         4.6950 |
|       2|                 188|          41.1142|                 0.9058 |                1.7003 |      5.6131 |        10.3082 |
|       3|                 193|          41.4247|                 0.7496 |                2.4685 |      5.8969 |        16.2053 |
|       4|                 194|          41.4470|                 0.0538 |                2.5236 |      9.3082 |        25.5136 |
|       5|                 196|          41.4492|                 0.0052 |                2.5289 |     23.7506 |        49.2643 |
|       6|                 198|          41.4594|                 0.0246 |                2.5541 |     22.2304 |        71.4949 |
|       7|                 197|          41.4822|                 0.0549 |                2.6105 |     34.5031 |       105.9980 |
|       8|                 202|          41.6226|                 0.3375 |                2.9580 |     40.7905 |       146.7887 |
|       9|                 199|          41.8078|                 0.4429 |                3.4160 |     29.4448 |       176.2336 |
|      10|                 201|          41.8547|                 0.1120 |                3.5319 |     27.9815 |       204.2153 |
|      11|                 195|          41.9617|                 0.2550 |                3.7966 |     30.4243 |       234.6396 |
|      12|                 205|          42.0396|                 0.1853 |                3.9893 |     34.1258 |       268.7656 |
|      13|                 210|          42.0913|                 0.1229 |                4.1172 |     32.0569 |       300.8226 |
|      14|                 203|          42.1115|                 0.0480 |                4.1673 |     46.6679 |       347.4906 |
|      15|                 195|          42.1477|                 0.0857 |                4.2567 |     37.5141 |       385.0049 |
|      16|                 193|          42.1832|                 0.0842 |                4.3445 |     64.2321 |       449.2371 |
|      17|                 195|          42.2196|                 0.0863 |                4.4347 |     54.8624 |       504.0996 |
|      18|                 199|          42.2406|                 0.0497 |                4.4867 |     70.6435 |       574.7432 |
|      19|                 197|          42.2822|                 0.0984 |                4.5896 |     66.2298 |       640.9731 |
|      20|                 216|          42.3517|                 0.1639 |                4.7613 |     55.6208 |       696.5940 |
---------------------------------------------------------------------------------------------------------------------------------