MFR:The optimal value of LP relaxation is 14210.42652103263.
---------------------------------------------------------------------------------------------------------------------------------
|  Iter  |  # fractional var  |  current value  |  Relative Improvement  |  Overall Improvement  |  Iter Time  |  Overall Time  |
---------------------------------------------------------------------------------------------------------------------------------
|       1|                 347|       14576.3666|                 2.5105 |                2.5752 |      1.3307 |         2.7819 |
|       2|                 347|       14585.4265|                 0.0621 |                2.6389 |      0.9682 |         3.7501 |
|       3|                 346|       14951.3666|                 2.4475 |                5.2141 |      1.3610 |         5.1113 |
|       4|                 347|       15099.5365|                 0.9813 |                6.2567 |      1.2156 |         6.3270 |
|       5|                 348|       15135.9518|                 0.2406 |                6.5130 |      1.1262 |         7.4533 |
|       6|                 347|       15293.3889|                 1.0294 |                7.6209 |      1.1424 |         8.5958 |
|       7|                 346|       15499.6036|                 1.3305 |                9.0721 |      1.1278 |         9.7237 |
|       8|                 346|       15567.1296|                 0.4338 |                9.5472 |      1.1162 |        10.8400 |
|       9|                 347|       15718.2884|                 0.9617 |               10.6110 |      1.1226 |        11.9627 |
|      10|                 347|       15792.5419|                 0.4702 |               11.1335 |      1.0880 |        13.0508 |
|      11|                 346|       15796.8125|                 0.0270 |               11.1635 |      1.1065 |        14.1574 |
|      12|                 347|       15848.0884|                 0.3235 |               11.5244 |      1.1285 |        15.2859 |
|      13|                 346|       15988.9586|                 0.8810 |               12.5157 |      1.1036 |        16.3896 |
|      14|                 346|       16132.8585|                 0.8920 |               13.5283 |      1.1702 |        17.5600 |
|      15|                 346|       16197.4112|                 0.3985 |               13.9826 |      1.1325 |        18.6925 |
|      16|                 345|       16254.4180|                 0.3507 |               14.3837 |      1.1653 |        19.8580 |
|      17|                 345|       16321.4056|                 0.4104 |               14.8551 |      1.0931 |        20.9512 |
|      18|                 344|       16383.7762|                 0.3807 |               15.2940 |      1.1718 |        22.1230 |
|      19|                 343|       16424.9474|                 0.2507 |               15.5838 |      1.1004 |        23.2235 |
|      20|                 346|       16441.5872|                 0.1012 |               15.7009 |      1.3409 |        24.5645 |
---------------------------------------------------------------------------------------------------------------------------------
RL:The optimal value of LP relaxation is 14210.42652103263.
---------------------------------------------------------------------------------------------------------------------------------
|  Iter  |  # fractional var  |  current value  |  Relative Improvement  |  Overall Improvement  |  Iter Time  |  Overall Time  |
---------------------------------------------------------------------------------------------------------------------------------
|       1|                 347|       14393.8711|                 1.2745 |                1.2909 |      6.7867 |        13.0297 |
|       2|                 347|       14394.1381|                 0.0019 |                1.2928 |      6.3148 |        19.3446 |
|       3|                 348|       14486.0607|                 0.6346 |                1.9397 |      6.4666 |        25.8113 |
|       4|                 346|       14577.5827|                 0.6278 |                2.5837 |      6.1919 |        32.0033 |
|       5|                 345|       14761.8284|                 1.2481 |                3.8803 |      6.2983 |        38.3016 |
|       6|                 344|       14946.6081|                 1.2363 |                5.1806 |      6.2123 |        44.5140 |
|       7|                 343|       15131.6548|                 1.2229 |                6.4828 |      6.4550 |        50.9691 |
|       8|                 342|       15317.2356|                 1.2116 |                7.7887 |      6.0949 |        57.0641 |
|       9|                 341|       15502.9499|                 1.1979 |                9.0956 |      5.9439 |        63.0080 |
|      10|                 340|       15689.8658|                 1.1913 |               10.4109 |      6.2596 |        69.2677 |
|      11|                 339|       15876.2476|                 1.1740 |               11.7225 |      5.8982 |        75.1660 |
|      12|                 338|       16617.3920|                 4.4601 |               16.9380 |      5.9996 |        81.1657 |
|      13|                 338|       16626.1114|                 0.0524 |               16.9994 |      5.9465 |        87.1124 |
|      14|                 337|       17367.2558|                 4.2675 |               22.2149 |      6.0238 |        93.1362 |
|      15|                 337|       17368.8907|                 0.0094 |               22.2264 |      5.7974 |        98.9337 |
|      16|                 338|       17594.9977|                 1.2851 |               23.8175 |      6.0034 |       104.9372 |
|      17|                 338|       17683.5985|                 0.5010 |               24.4410 |      6.1837 |       111.1210 |
|      18|                 339|       17698.9170|                 0.0866 |               24.5488 |      6.2958 |       117.4169 |
|      19|                 339|       17818.4609|                 0.6709 |               25.3900 |      6.1376 |       123.5546 |
|      20|                 338|       17829.4206|                 0.0615 |               25.4672 |      6.3343 |       129.8890 |
---------------------------------------------------------------------------------------------------------------------------------
Vanilla:The optimal value of LP relaxation is 14210.42652103263.
---------------------------------------------------------------------------------------------------------------------------------
|  Iter  |  # fractional var  |  current value  |  Relative Improvement  |  Overall Improvement  |  Iter Time  |  Overall Time  |
---------------------------------------------------------------------------------------------------------------------------------
|       1|                 347|       14585.4265|                 2.5711 |                2.6389 |      0.8382 |         1.3203 |
|       2|                 347|       14585.4265|                 0.0000 |                2.6389 |      1.2886 |         2.6091 |
|       3|                 348|       14946.6302|                 2.4166 |                5.1807 |      1.8840 |         4.4932 |
|       4|                 347|       15133.6636|                 1.2359 |                6.4969 |      2.2925 |         6.7857 |
|       5|                 348|       15279.5977|                 0.9551 |                7.5238 |      6.0817 |        12.8675 |
|       6|                 348|       15322.5895|                 0.2806 |                7.8264 |      5.8805 |        18.7481 |
|       7|                 348|       15339.3351|                 0.1092 |                7.9442 |      8.0701 |        26.8184 |
|       8|                 348|       15392.6232|                 0.3462 |                8.3192 |     13.3055 |        40.1240 |
|       9|                 346|       15397.6926|                 0.0329 |                8.3549 |      9.8468 |        49.9709 |
|      10|                 346|       15397.6926|                 0.0000 |                8.3549 |     10.2362 |        60.2073 |
|      11|                 346|       15397.6926|                 0.0000 |                8.3549 |     15.9213 |        76.1286 |
|      12|                 346|       15397.6926|                 0.0000 |                8.3549 |      9.1569 |        85.2856 |
|      13|                 346|       15397.6926|                 0.0000 |                8.3549 |     16.4668 |       101.7526 |
|      14|                 346|       15397.6926|                 0.0000 |                8.3549 |     12.5117 |       114.2643 |
|      15|                 346|       15397.6926|                 0.0000 |                8.3549 |     29.8038 |       144.0683 |
|      16|                 346|       15397.6926|                 0.0000 |                8.3549 |     30.6640 |       174.7324 |
|      17|                 346|       15397.6926|                 0.0000 |                8.3549 |     11.3783 |       186.1108 |
|      18|                 346|       15397.6926|                 0.0000 |                8.3549 |     25.6110 |       211.7219 |
|      19|                 346|       15397.6926|                 0.0000 |                8.3549 |     30.3891 |       242.1111 |
|      20|                 346|       15397.6926|                 0.0000 |                8.3549 |      8.4948 |       250.6060 |
---------------------------------------------------------------------------------------------------------------------------------